1.3455493450164795
1.5944616794586182
1.7513039112091064
1.898970127105713
2.055837392807007
2.225677967071533
2.6012635231018066
2.9737021923065186
3.1621432304382324
3.3251397609710693
3.4841909408569336
3.963926076889038
4.284972667694092
4.441765308380127
4.618154764175415
4.80341362953186
5.002910614013672
5.337579965591431
5.682238817214966
5.847767353057861
6.01692533493042
6.3731772899627686
6.731837511062622
7.078630685806274
7.267659664154053
7.4317991733551025
7.5984437465667725
7.7556774616241455
8.087950468063354
8.467078924179077
8.65395450592041
8.824864864349365
8.964469194412231
9.505545854568481
9.822441101074219
9.98834228515625
10.164698839187622
10.335842847824097
10.83993649482727
11.187087774276733
11.343364477157593
11.542295455932617
11.739811420440674
11.903089046478271
12.072600364685059
12.25197148323059
12.424950361251831
12.597617864608765
12.7568678855896
12.942030191421509
13.098119974136353
13.271961450576782
13.445971488952637
13.636887311935425
